[gd_scene load_steps=6 format=3 uid="uid://doms0ymdj7gk4"]

[ext_resource type="ArrayMesh" uid="uid://bax7xypd802nu" path="res://scenes/Creature/Meshes/bera.res" id="1_sbr0t"]
[ext_resource type="Script" path="res://scripts/creature_script.gd" id="1_y6av5"]
[ext_resource type="ArrayMesh" uid="uid://dneqclomoi03v" path="res://scenes/Creature/Meshes/tongue.res" id="2_vkltp"]
[ext_resource type="AnimationLibrary" uid="uid://ddsm3kcxrufoh" path="res://scenes/Creature/anim_library.res" id="4_8w2ww"]

[sub_resource type="Skin" id="Skin_gegif"]
resource_name = "Skin"
bind_count = 133
bind/0/name = &"DEF-spine.004"
bind/0/bone = -1
bind/0/pose = Transform3D(1, 0, 0, 0, -0.000599261, 1, 0, -1, -0.000599261, -3.23273e-17, 0.570306, 0.938047)
bind/1/name = &"DEF-spine.005"
bind/1/bone = -1
bind/1/pose = Transform3D(1, 2.38001e-07, -1.4124e-08, 0, 0.0592403, 0.998244, 2.38419e-07, -0.998244, 0.0592404, -2.29003e-07, 0.346552, 0.960506)
bind/2/name = &"DEF-spine.006"
bind/2/bone = -1
bind/2/pose = Transform3D(1, -2.82744e-17, 1.77613e-15, 1.11426e-15, -0.0159171, 0.999873, 1.41949e-14, -0.999873, -0.0159171, 3.27616e-16, 0.20263, 0.947963)
bind/3/name = &"DEF-spine.007"
bind/3/bone = -1
bind/3/pose = Transform3D(1, -5.6153e-15, -2.56854e-17, 2.76877e-15, -0.00914816, 0.999958, 8.59885e-15, -0.999958, -0.00914815, 5.65104e-15, -0.00677598, 0.947938)
bind/4/name = &"DEF-spine.008"
bind/4/bone = -1
bind/4/pose = Transform3D(1, 2.38417e-07, -9.17612e-10, 2.83107e-15, 0.00384874, 0.999993, 2.38419e-07, -0.999993, 0.00384874, -2.25463e-07, -0.18148, 0.94566)
bind/5/name = &"DEF-spine.009"
bind/5/bone = -1
bind/5/pose = Transform3D(1, 4.72013e-07, -6.76576e-08, 0, 0.141888, 0.989883, 4.76838e-07, -0.989883, 0.141888, -4.22134e-07, -0.498718, 0.885278)
bind/6/name = &"DEF-spine.010"
bind/6/bone = -1
bind/6/pose = Transform3D(1, -4.56391e-14, 3.6745e-14, -1.38777e-14, 0.419485, 0.907763, -3.77226e-14, -0.907762, 0.419485, 2.57909e-14, -0.883773, 0.659775)
bind/7/name = &"DEF-spine.011"
bind/7/bone = -1
bind/7/pose = Transform3D(1, 2.04876e-07, -1.21939e-07, -7.10543e-15, 0.511448, 0.859314, 2.38418e-07, -0.859314, 0.511448, -1.29734e-07, -1.14227, 0.544142)
bind/8/name = &"DEF-pelvis.L"
bind/8/bone = -1
bind/8/pose = Transform3D(-0.334585, -0.137279, 0.932313, 0.551645, 0.77357, 0.311879, -0.764029, 0.618652, -0.183097, 0.603759, -0.413841, -0.563202)
bind/9/name = &"DEF-pelvis.R"
bind/9/bone = -1
bind/9/pose = Transform3D(-0.334585, 0.137279, -0.932313, -0.551646, 0.77357, 0.31188, 0.764029, 0.618652, -0.183097, -0.603759, -0.413841, -0.563202)
bind/10/name = &"DEF-thigh.L"
bind/10/bone = -1
bind/10/pose = Transform3D(0.994984, -0.0250349, -0.0968531, 2.98021e-08, -0.968172, 0.25026, -0.100036, -0.249003, -0.963322, -0.220987, 0.931711, -0.284036)
bind/11/name = &"DEF-thigh.L.001"
bind/11/bone = -1
bind/11/pose = Transform3D(0.994984, -0.025035, -0.0968531, 3.72527e-09, -0.968172, 0.25026, -0.100036, -0.249004, -0.963322, -0.220987, 0.709138, -0.284036)
bind/12/name = &"DEF-shin.L"
bind/12/bone = -1
bind/12/pose = Transform3D(0.994984, -0.0250351, -0.096853, -0.052669, -0.954217, -0.294422, -0.0850484, 0.298045, -0.950755, -0.220987, 0.264122, -0.497656)
bind/13/name = &"DEF-shin.L.001"
bind/13/bone = -1
bind/13/pose = Transform3D(0.994984, -0.0250351, -0.096853, -0.052669, -0.954217, -0.294422, -0.0850484, 0.298045, -0.950755, -0.220987, 0.135963, -0.497656)
bind/14/name = &"DEF-foot.L"
bind/14/bone = -1
bind/14/pose = Transform3D(0.995219, -0.0686354, -0.069482, -0.0210458, -0.845418, 0.533681, -0.0953713, -0.529664, -0.842827, -0.201005, 0.393469, -0.318336)
bind/15/name = &"DEF-foot.L.001"
bind/15/bone = -1
bind/15/pose = Transform3D(0.995219, -0.0686354, -0.0694819, -0.0210457, -0.845418, 0.533682, -0.0953713, -0.529665, -0.842826, -0.201005, 0.331699, -0.318335)
bind/16/name = &"DEF-toe.L"
bind/16/bone = -1
bind/16/pose = Transform3D(0.998723, -0.0486399, -0.0136865, -2.0489e-08, -0.270862, 0.962618, -0.0505291, -0.961382, -0.270518, -0.178748, 0.422791, -0.0624393)
bind/17/name = &"DEF-thigh.R"
bind/17/bone = -1
bind/17/pose = Transform3D(0.994984, 0.025035, 0.096853, 2.60769e-08, -0.968172, 0.25026, 0.100036, -0.249004, -0.963322, 0.220987, 0.931711, -0.284036)
bind/18/name = &"DEF-thigh.R.001"
bind/18/bone = -1
bind/18/pose = Transform3D(0.994984, 0.025035, 0.0968531, -1.11758e-08, -0.968172, 0.25026, 0.100036, -0.249004, -0.963322, 0.220987, 0.709138, -0.284036)
bind/19/name = &"DEF-shin.R"
bind/19/bone = -1
bind/19/pose = Transform3D(0.994984, 0.0250351, 0.0968531, 0.0526691, -0.954217, -0.294422, 0.0850485, 0.298044, -0.950755, 0.220987, 0.264122, -0.497656)
bind/20/name = &"DEF-shin.R.001"
bind/20/bone = -1
bind/20/pose = Transform3D(0.994984, 0.025035, 0.0968531, 0.052669, -0.954217, -0.294422, 0.0850485, 0.298045, -0.950755, 0.220987, 0.135963, -0.497656)
bind/21/name = &"DEF-foot.R"
bind/21/bone = -1
bind/21/pose = Transform3D(0.995219, 0.0686354, 0.069482, 0.0210457, -0.845418, 0.533682, 0.0953713, -0.529665, -0.842827, 0.201005, 0.393469, -0.318336)
bind/22/name = &"DEF-foot.R.001"
bind/22/bone = -1
bind/22/pose = Transform3D(0.995219, 0.0686354, 0.0694819, 0.0210457, -0.845418, 0.533682, 0.0953713, -0.529665, -0.842827, 0.201005, 0.331699, -0.318336)
bind/23/name = &"DEF-toe.R"
bind/23/bone = -1
bind/23/pose = Transform3D(0.998723, 0.0486397, 0.0136865, -2.14203e-08, -0.270862, 0.962618, 0.0505289, -0.961382, -0.270518, 0.178748, 0.422791, -0.0624395)
bind/24/name = &"DEF-forehead.L"
bind/24/bone = -1
bind/24/pose = Transform3D(-0.827672, 0.264208, 0.49513, 0.227524, -0.648523, 0.726396, 0.513023, 0.713872, 0.476651, -0.769033, 0.0465919, -1.30111)
bind/25/name = &"DEF-forehead.R"
bind/25/bone = -1
bind/25/pose = Transform3D(-0.827672, -0.264208, -0.49513, -0.227524, -0.648522, 0.726396, -0.513022, 0.713871, 0.47665, 0.769033, 0.0465912, -1.30111)
bind/26/name = &"DEF-forehead.L.001"
bind/26/bone = -1
bind/26/pose = Transform3D(-0.387243, 0.295919, 0.873198, 0.781393, -0.397347, 0.481187, 0.489355, 0.868647, -0.0773592, -1.16648, -0.048062, -0.961844)
bind/27/name = &"DEF-forehead.R.001"
bind/27/bone = -1
bind/27/pose = Transform3D(-0.387243, -0.295919, -0.873198, -0.781393, -0.397347, 0.481187, -0.489355, 0.868647, -0.0773591, 1.16648, -0.0480621, -0.961844)
bind/28/name = &"DEF-forehead.L.002"
bind/28/bone = -1
bind/28/pose = Transform3D(0.617206, 0.719334, 0.318772, 0.760154, -0.649718, -0.00566946, 0.203034, 0.245815, -0.947814, -1.19292, 0.697884, 0.60338)
bind/29/name = &"DEF-forehead.R.002"
bind/29/bone = -1
bind/29/pose = Transform3D(0.617206, -0.719334, -0.318772, -0.760154, -0.649719, -0.00566937, -0.203034, 0.245815, -0.947815, 1.19292, 0.697884, 0.603381)
bind/30/name = &"DEF-temple.L"
bind/30/bone = -1
bind/30/pose = Transform3D(0.903483, 0.393587, -0.169728, 0.390077, -0.919139, -0.0549877, -0.177646, -0.0165266, -0.983956, -0.423298, 1.05238, 0.853902)
bind/31/name = &"DEF-temple.R"
bind/31/bone = -1
bind/31/pose = Transform3D(0.903484, -0.393587, 0.169728, -0.390077, -0.91914, -0.0549877, 0.177646, -0.0165266, -0.983956, 0.423298, 1.05238, 0.853902)
bind/32/name = &"DEF-brow.B.L"
bind/32/bone = -1
bind/32/pose = Transform3D(0.00240202, 0.463194, -0.886254, -0.70814, 0.626547, 0.325541, 0.706068, 0.62681, 0.329511, 0.380834, -0.93967, -1.10684)
bind/33/name = &"DEF-brow.B.L.001"
bind/33/bone = -1
bind/33/pose = Transform3D(-0.276839, 0.0727423, -0.958159, -0.95669, 0.0725578, 0.281923, 0.0900295, 0.994708, 0.049505, 0.918855, -0.271453, -1.17268)
bind/34/name = &"DEF-brow.B.L.002"
bind/34/bone = -1
bind/34/pose = Transform3D(-0.281559, -0.266445, -0.921809, -0.956068, -0.0037969, 0.293121, -0.0816006, 0.963843, -0.253671, 1.26236, -0.224896, -0.815308)
bind/35/name = &"DEF-brow.B.L.003"
bind/35/bone = -1
bind/35/pose = Transform3D(0.095982, -0.763693, -0.638405, -0.934693, -0.289677, 0.205998, -0.34225, 0.576941, -0.741623, 1.50945, 0.158066, 0.13402)
bind/36/name = &"DEF-eye.L"
bind/36/bone = -1
bind/36/pose = Transform3D(-0.975219, 0, 0.221242, 0.221242, -6.98285e-08, 0.975219, 7.02951e-09, 1, -1.59474e-09, -0.148812, -0.978357, -1.09085)
bind/37/name = &"DEF-lid.B.L"
bind/37/bone = -1
bind/37/pose = Transform3D(0.342469, 0.0191615, 0.939334, 0.772391, -0.574961, -0.269875, 0.534909, 0.817957, -0.211706, -1.01296, 0.856639, -0.701969)
bind/38/name = &"DEF-lid.B.L.001"
bind/38/bone = -1
bind/38/pose = Transform3D(0.360351, -0.0130424, 0.932726, 0.918994, -0.166533, -0.357374, 0.159991, 0.98595, -0.0480247, -0.97271, 0.48205, -1.02493)
bind/39/name = &"DEF-lid.B.L.002"
bind/39/bone = -1
bind/39/pose = Transform3D(0.498093, -0.137281, 0.856188, 0.788754, 0.48193, -0.381591, -0.360237, 0.865389, 0.348327, -0.772736, -0.196138, -1.25589)
bind/40/name = &"DEF-lid.B.L.003"
bind/40/bone = -1
bind/40/pose = Transform3D(0.816852, -0.290716, 0.498234, 0.470825, 0.835034, -0.284679, -0.333282, 0.467122, 0.818975, -0.272276, -0.656798, -1.30829)
bind/41/name = &"DEF-lid.T.L"
bind/41/bone = -1
bind/41/pose = Transform3D(0.413285, 0.392558, -0.821641, -0.402261, 0.888197, 0.22202, 0.816934, 0.238757, 0.524989, 0.367986, -1.1519, -0.875401)
bind/42/name = &"DEF-lid.T.L.001"
bind/42/bone = -1
bind/42/pose = Transform3D(-0.362379, 0.0378533, -0.931262, -0.863078, 0.363537, 0.350624, 0.351821, 0.930811, -0.0990681, 0.943068, -0.676863, -0.95614)
bind/43/name = &"DEF-lid.T.L.002"
bind/43/bone = -1
bind/43/pose = Transform3D(-0.321999, -0.171296, -0.931115, -0.941056, -0.0496995, 0.33458, -0.103588, 0.983966, -0.145196, 1.17024, -0.206471, -0.928239)
bind/44/name = &"DEF-lid.T.L.003"
bind/44/bone = -1
bind/44/pose = Transform3D(0.529635, -0.521729, -0.668794, -0.515298, -0.824196, 0.234881, -0.673762, 0.220227, -0.705369, 1.22608, 0.703757, 0.531136)
bind/45/name = &"DEF-brow.B.R"
bind/45/bone = -1
bind/45/pose = Transform3D(0.00240219, -0.463194, 0.886254, 0.70814, 0.626547, 0.325541, -0.706068, 0.62681, 0.329511, -0.380834, -0.93967, -1.10684)
bind/46/name = &"DEF-brow.B.R.001"
bind/46/bone = -1
bind/46/pose = Transform3D(-0.276838, -0.0727422, 0.958159, 0.95669, 0.0725577, 0.281922, -0.0900295, 0.994708, 0.0495051, -0.918854, -0.271453, -1.17268)
bind/47/name = &"DEF-brow.B.R.002"
bind/47/bone = -1
bind/47/pose = Transform3D(-0.281559, 0.266445, 0.921808, 0.956068, -0.00379692, 0.293121, 0.0816005, 0.963843, -0.25367, -1.26236, -0.224896, -0.815308)
bind/48/name = &"DEF-brow.B.R.003"
bind/48/bone = -1
bind/48/pose = Transform3D(0.095982, 0.763693, 0.638404, 0.934693, -0.289676, 0.205998, 0.34225, 0.576941, -0.741622, -1.50945, 0.158065, 0.134019)
bind/49/name = &"DEF-eye.R"
bind/49/bone = -1
bind/49/pose = Transform3D(-0.975219, 1.77636e-15, -0.221242, -0.221242, 1.0764e-07, 0.975219, -2.81503e-08, 1, -6.38629e-09, 0.148812, -0.978357, -1.09085)
bind/50/name = &"DEF-lid.B.R"
bind/50/bone = -1
bind/50/pose = Transform3D(0.342469, -0.0191614, -0.939334, -0.772391, -0.57496, -0.269875, -0.534909, 0.817957, -0.211706, 1.01296, 0.856639, -0.701969)
bind/51/name = &"DEF-lid.B.R.001"
bind/51/bone = -1
bind/51/pose = Transform3D(0.360351, 0.0130422, -0.932725, -0.918994, -0.166533, -0.357374, -0.159991, 0.98595, -0.0480245, 0.972709, 0.48205, -1.02493)
bind/52/name = &"DEF-lid.B.R.002"
bind/52/bone = -1
bind/52/pose = Transform3D(0.498093, 0.137281, -0.856187, -0.788754, 0.48193, -0.381591, 0.360237, 0.865389, 0.348327, 0.772736, -0.196138, -1.25589)
bind/53/name = &"DEF-lid.B.R.003"
bind/53/bone = -1
bind/53/pose = Transform3D(0.816851, 0.290716, -0.498234, -0.470825, 0.835034, -0.284678, 0.333282, 0.467122, 0.818975, 0.272276, -0.656798, -1.30829)
bind/54/name = &"DEF-lid.T.R"
bind/54/bone = -1
bind/54/pose = Transform3D(0.413285, -0.392559, 0.821641, 0.402261, 0.888197, 0.22202, -0.816934, 0.238757, 0.524989, -0.367986, -1.1519, -0.875402)
bind/55/name = &"DEF-lid.T.R.001"
bind/55/bone = -1
bind/55/pose = Transform3D(-0.362379, -0.0378531, 0.931262, 0.863078, 0.363537, 0.350624, -0.351821, 0.930811, -0.099068, -0.943068, -0.676863, -0.95614)
bind/56/name = &"DEF-lid.T.R.002"
bind/56/bone = -1
bind/56/pose = Transform3D(-0.321999, 0.171296, 0.931114, 0.941056, -0.0496994, 0.33458, 0.103588, 0.983966, -0.145196, -1.17024, -0.206471, -0.928239)
bind/57/name = &"DEF-lid.T.R.003"
bind/57/bone = -1
bind/57/pose = Transform3D(0.529635, 0.521729, 0.668794, 0.515298, -0.824196, 0.234881, 0.673761, 0.220227, -0.705369, -1.22608, 0.703757, 0.531136)
bind/58/name = &"DEF-ear.L"
bind/58/bone = -1
bind/58/pose = Transform3D(0.490312, 0.823674, 0.284877, -0.835501, 0.537246, -0.115345, -0.248056, -0.18146, 0.951599, -1.19067, -0.337763, -0.521902)
bind/59/name = &"DEF-ear.L.001"
bind/59/bone = -1
bind/59/pose = Transform3D(0.479714, -0.865186, 0.146044, 0.801051, 0.499768, 0.329467, -0.358038, -0.0410615, 0.932804, 0.908341, -0.842571, -0.673152)
bind/60/name = &"DEF-ear.L.002"
bind/60/bone = -1
bind/60/pose = Transform3D(-0.200602, 0.979364, -0.024595, 0.937622, 0.184655, -0.294564, -0.283943, -0.0821509, -0.955315, -1.1749, -0.0781239, 0.904805)
bind/61/name = &"DEF-ear.L.003"
bind/61/bone = -1
bind/61/pose = Transform3D(-0.744345, -0.084694, 0.662389, 0.159231, -0.985824, 0.0528812, 0.648515, 0.144833, 0.747292, -0.260973, 1.16925, -0.89443)
bind/62/name = &"DEF-ear.L.004"
bind/62/bone = -1
bind/62/pose = Transform3D(-0.852285, 0.364173, -0.375486, -0.433697, -0.893295, 0.118035, -0.292435, 0.263447, 0.919281, 0.0571778, 1.03556, -0.963438)
bind/63/name = &"DEF-ear.R"
bind/63/bone = -1
bind/63/pose = Transform3D(0.490312, -0.823674, -0.284877, 0.835501, 0.537246, -0.115345, 0.248056, -0.18146, 0.951599, 1.19067, -0.337763, -0.521902)
bind/64/name = &"DEF-ear.R.001"
bind/64/bone = -1
bind/64/pose = Transform3D(0.479714, 0.865186, -0.146044, -0.801051, 0.499769, 0.329467, 0.358038, -0.0410616, 0.932804, -0.908341, -0.842571, -0.673152)
bind/65/name = &"DEF-ear.R.002"
bind/65/bone = -1
bind/65/pose = Transform3D(-0.200602, -0.979364, 0.0245951, -0.937622, 0.184654, -0.294563, 0.283943, -0.082151, -0.955315, 1.1749, -0.0781239, 0.904805)
bind/66/name = &"DEF-ear.R.003"
bind/66/bone = -1
bind/66/pose = Transform3D(-0.744346, 0.0846941, -0.662389, -0.159231, -0.985824, 0.0528811, -0.648516, 0.144833, 0.747291, 0.260973, 1.16925, -0.89443)
bind/67/name = &"DEF-ear.R.004"
bind/67/bone = -1
bind/67/pose = Transform3D(-0.852285, -0.364173, 0.375486, 0.433697, -0.893295, 0.118035, 0.292435, 0.263446, 0.919282, -0.0571777, 1.03556, -0.963438)
bind/68/name = &"DEF-tongue"
bind/68/bone = -1
bind/68/pose = Transform3D(1, 9.02954e-24, -2.20256e-24, 8.46302e-13, 0.1244, -0.992232, -9.13373e-13, 0.992233, 0.124399, -0.0004, 0.969987, -1.07028)
bind/69/name = &"DEF-chin"
bind/69/bone = -1
bind/69/pose = Transform3D(1, 2.75939e-06, -7.55785e-07, -5.68434e-13, 0.264166, 0.964477, 2.86102e-06, -0.964477, 0.264166, -1.70057e-06, -1.2903, 0.584627)
bind/70/name = &"DEF-chin.001"
bind/70/bone = -1
bind/70/pose = Transform3D(1, 7.16988e-07, -1.12894e-06, -8.43423e-08, 0.876275, 0.481811, 1.33472e-06, -0.481812, 0.876275, 5.91155e-07, -1.34675, -0.548941)
bind/71/name = &"DEF-chin.L"
bind/71/bone = -1
bind/71/pose = Transform3D(-0.998919, 0.0422991, -0.0192705, 0.00812907, 0.567169, 0.823562, 0.0457655, 0.822515, -0.5669, 0.0623369, -1.23582, -0.234617)
bind/72/name = &"DEF-chin.R"
bind/72/bone = -1
bind/72/pose = Transform3D(-0.998919, -0.0422991, 0.0192705, -0.00812905, 0.567169, 0.823561, -0.0457655, 0.822514, -0.5669, -0.0623369, -1.23582, -0.234617)
bind/73/name = &"DEF-jaw"
bind/73/bone = -1
bind/73/pose = Transform3D(1, 4.5131e-06, -3.90421e-07, -1.13687e-12, 0.0861864, 0.996279, 4.52995e-06, -0.996279, 0.0861866, -3.68543e-06, -0.948629, 0.8074)
bind/74/name = &"DEF-jaw.L.001"
bind/74/bone = -1
bind/74/pose = Transform3D(0.231459, -0.826907, -0.512496, -0.677505, -0.515064, 0.525068, -0.69815, 0.225687, -0.67945, 1.17182, 0.146116, 0.458811)
bind/75/name = &"DEF-jaw.R.001"
bind/75/bone = -1
bind/75/pose = Transform3D(0.231459, 0.826907, 0.512496, 0.677505, -0.515064, 0.525068, 0.69815, 0.225687, -0.67945, -1.17182, 0.146117, 0.458811)
bind/76/name = &"DEF-tongue.001"
bind/76/bone = -1
bind/76/pose = Transform3D(1, 8.58964e-24, 7.77803e-24, 8.43251e-13, 0.127701, -0.991813, -9.16187e-13, 0.991813, 0.127701, -0.0004, 0.908885, -1.07331)
bind/77/name = &"DEF-tongue.002"
bind/77/bone = -1
bind/77/pose = Transform3D(1, 6.8119e-23, 5.27043e-24, 9.29891e-13, 0.0287661, -0.999586, -8.28097e-13, 0.999586, 0.0287663, -0.0004, 0.93738, -0.985251)
bind/78/name = &"DEF-cheek.T.L"
bind/78/bone = -1
bind/78/pose = Transform3D(0.329488, -0.827369, -0.454861, -0.363936, -0.555829, 0.747399, -0.871199, -0.0807186, -0.484248, 1.28587, -0.0714406, 0.674339)
bind/79/name = &"DEF-brow.T.L"
bind/79/bone = -1
bind/79/pose = Transform3D(0.631587, 0.729004, -0.263916, -0.209313, 0.488093, 0.847321, 0.746516, -0.479916, 0.460863, -0.648825, -1.24233, -0.00826288)
bind/80/name = &"DEF-brow.T.L.001"
bind/80/bone = -1
bind/80/pose = Transform3D(0.697304, -0.286616, 0.656977, -0.560324, 0.353623, 0.748992, -0.446995, -0.890395, 0.0859855, -0.404598, -1.03285, 0.973419)
bind/81/name = &"DEF-brow.T.L.002"
bind/81/bone = -1
bind/81/pose = Transform3D(-0.0474808, -0.511402, -0.858029, -0.978429, -0.149091, 0.143004, -0.201057, 0.84631, -0.493291, 1.44253, 0.131053, -0.447602)
bind/82/name = &"DEF-brow.T.L.003"
bind/82/bone = -1
bind/82/pose = Transform3D(0.147599, -0.81546, -0.559678, -0.460139, -0.557523, 0.690971, -0.875493, 0.155543, -0.457514, 1.47703, -0.0545565, 0.315929)
bind/83/name = &"DEF-cheek.T.R"
bind/83/bone = -1
bind/83/pose = Transform3D(0.329488, 0.827369, 0.454861, 0.363936, -0.555829, 0.747399, 0.871199, -0.0807187, -0.484248, -1.28587, -0.0714407, 0.674339)
bind/84/name = &"DEF-brow.T.R"
bind/84/bone = -1
bind/84/pose = Transform3D(0.631587, -0.729004, 0.263916, 0.209313, 0.488093, 0.847322, -0.746516, -0.479916, 0.460863, 0.648825, -1.24233, -0.00826291)
bind/85/name = &"DEF-brow.T.R.001"
bind/85/bone = -1
bind/85/pose = Transform3D(0.697304, 0.286616, -0.656977, 0.560323, 0.353623, 0.748992, 0.446995, -0.890395, 0.0859855, 0.404598, -1.03285, 0.973419)
bind/86/name = &"DEF-brow.T.R.002"
bind/86/bone = -1
bind/86/pose = Transform3D(-0.0474807, 0.511402, 0.858029, 0.978429, -0.149091, 0.143004, 0.201057, 0.84631, -0.493291, -1.44253, 0.131053, -0.447602)
bind/87/name = &"DEF-brow.T.R.003"
bind/87/bone = -1
bind/87/pose = Transform3D(0.147599, 0.81546, 0.559678, 0.460139, -0.557523, 0.690971, 0.875493, 0.155543, -0.457514, -1.47703, -0.0545565, 0.315929)
bind/88/name = &"DEF-jaw.L"
bind/88/bone = -1
bind/88/pose = Transform3D(0.932241, -0.264429, -0.246989, -0.229698, -0.959903, 0.160705, -0.27958, -0.093083, -0.9556, 0.317073, 0.902416, 0.927435)
bind/89/name = &"DEF-jaw.R"
bind/89/bone = -1
bind/89/pose = Transform3D(0.932241, 0.264429, 0.246989, 0.229698, -0.959903, 0.160705, 0.27958, -0.093083, -0.9556, -0.317073, 0.902416, 0.927435)
bind/90/name = &"DEF-nose"
bind/90/bone = -1
bind/90/pose = Transform3D(1, -1.48491e-06, 3.16466e-06, -3.49212e-06, -0.465343, 0.885131, 1.58316e-07, -0.885131, -0.465343, -2.0913e-06, -0.434647, 1.45035)
bind/91/name = &"DEF-nose.L"
bind/91/bone = -1
bind/91/pose = Transform3D(-0.972812, -0.0782042, -0.217992, -0.177979, -0.349828, 0.919752, -0.148188, 0.933544, 0.326398, 0.37552, -0.578954, -1.3188)
bind/92/name = &"DEF-nose.R"
bind/92/bone = -1
bind/92/pose = Transform3D(-0.972812, 0.0782042, 0.217992, 0.177979, -0.349828, 0.919752, 0.148188, 0.933544, 0.326398, -0.37552, -0.578954, -1.3188)
bind/93/name = &"DEF-lip.B.L"
bind/93/bone = -1
bind/93/pose = Transform3D(0.688071, -0.0489268, 0.723991, 0.724649, 0.0985258, -0.682038, -0.0379619, 0.993931, 0.103247, -0.779997, 0.685773, -1.04707)
bind/94/name = &"DEF-lip.B.R"
bind/94/bone = -1
bind/94/pose = Transform3D(0.688071, 0.0489268, -0.723991, -0.724649, 0.0985258, -0.682038, 0.0379619, 0.993931, 0.103247, 0.779997, 0.685772, -1.04707)
bind/95/name = &"DEF-lip.B.L.001"
bind/95/bone = -1
bind/95/pose = Transform3D(0.841051, -0.484914, 0.239771, 0.376035, 0.205441, -0.903544, 0.388882, 0.850089, 0.355131, 0.143498, 0.755296, -1.21115)
bind/96/name = &"DEF-lip.B.R.001"
bind/96/bone = -1
bind/96/pose = Transform3D(0.841052, 0.484914, -0.239771, -0.376035, 0.205441, -0.903544, -0.388882, 0.850089, 0.355131, -0.143498, 0.755295, -1.21115)
bind/97/name = &"DEF-cheek.B.L.001"
bind/97/bone = -1
bind/97/pose = Transform3D(0.991504, -0.122206, 0.0445698, 0.12511, 0.989702, -0.0695511, -0.0356113, 0.0745359, 0.996582, -0.0626308, -0.931051, -0.956804)
bind/98/name = &"DEF-cheek.B.R.001"
bind/98/bone = -1
bind/98/pose = Transform3D(0.991504, 0.122206, -0.0445698, -0.12511, 0.989702, -0.0695511, 0.0356113, 0.0745359, 0.996582, 0.0626308, -0.931051, -0.956804)
bind/99/name = &"DEF-cheek.B.L"
bind/99/bone = -1
bind/99/pose = Transform3D(0.624531, -0.344621, 0.700855, 0.604131, 0.781887, -0.153875, -0.494961, 0.519508, 0.696509, -0.375617, -0.618988, -1.06124)
bind/100/name = &"DEF-cheek.B.R"
bind/100/bone = -1
bind/100/pose = Transform3D(0.624531, 0.344621, -0.700855, -0.604131, 0.781887, -0.153875, 0.494961, 0.519508, 0.696509, 0.375617, -0.618988, -1.06124)
bind/101/name = &"DEF-lip.T.L.001"
bind/101/bone = -1
bind/101/pose = Transform3D(0.936642, -0.187443, 0.295918, 0.313584, 0.0722292, -0.946809, 0.156098, 0.979617, 0.126432, -0.211734, 0.944034, -1.09516)
bind/102/name = &"DEF-lip.T.R.001"
bind/102/bone = -1
bind/102/pose = Transform3D(0.936642, 0.187443, -0.295918, -0.313584, 0.0722294, -0.946809, -0.156098, 0.979617, 0.126432, 0.211733, 0.944034, -1.09516)
bind/103/name = &"DEF-lip.T.L"
bind/103/bone = -1
bind/103/pose = Transform3D(0.717439, 0.0354678, 0.695718, 0.689799, 0.103266, -0.716599, -0.0972599, 0.994021, 0.0496211, -0.848536, 0.740637, -1.0064)
bind/104/name = &"DEF-lip.T.R"
bind/104/bone = -1
bind/104/pose = Transform3D(0.717439, -0.0354677, -0.695718, -0.689798, 0.103266, -0.716599, 0.0972599, 0.994021, 0.0496211, 0.848536, 0.740637, -1.0064)
bind/105/name = &"DEF-nose.002"
bind/105/bone = -1
bind/105/pose = Transform3D(0.999869, 0.000701829, -0.0161841, -2.38651e-09, -0.999061, -0.0433246, -0.0161993, 0.043319, -0.998929, 0.0184397, 1.05961, 1.13815)
bind/106/name = &"DEF-nose.001"
bind/106/bone = -1
bind/106/pose = Transform3D(1, 3.76404e-07, 2.92734e-07, 1.53067e-09, -0.613909, 0.789377, 4.72737e-07, -0.789377, -0.613909, -6.96511e-07, -0.277836, 1.52306)
bind/107/name = &"DEF-nose.003"
bind/107/bone = -1
bind/107/pose = Transform3D(0.999692, 0.00647263, -0.0239378, -2.32829e-09, -0.965334, -0.261018, -0.0247976, 0.260938, -0.965031, 0.0218379, 1.27434, 0.880372)
bind/108/name = &"DEF-nose.004"
bind/108/bone = -1
bind/108/pose = Transform3D(0.999966, -0.00192252, 0.00797135, 1.74623e-09, -0.972127, -0.234456, 0.0081999, 0.234448, -0.972095, -0.00750051, 1.22984, 0.914681)
bind/109/name = &"DEF-nose.L.001"
bind/109/bone = -1
bind/109/pose = Transform3D(0.649194, -0.187525, 0.737144, -0.760531, -0.175099, 0.625247, 0.0118237, -0.966527, -0.256292, -0.682875, -0.500372, 1.27875)
bind/110/name = &"DEF-nose.R.001"
bind/110/bone = -1
bind/110/pose = Transform3D(0.649194, 0.187525, -0.737144, 0.76053, -0.175099, 0.625246, -0.0118237, -0.966527, -0.256292, 0.682875, -0.500372, 1.27875)
bind/111/name = &"DEF-cheek.T.L.001"
bind/111/bone = -1
bind/111/pose = Transform3D(-0.180461, 0.802241, -0.569073, -0.798031, 0.218787, 0.561498, 0.574962, 0.555466, 0.60073, -0.242128, -0.703747, -1.25375)
bind/112/name = &"DEF-cheek.T.R.001"
bind/112/bone = -1
bind/112/pose = Transform3D(-0.18046, -0.802241, 0.569072, 0.798031, 0.218787, 0.561498, -0.574962, 0.555465, 0.60073, 0.242128, -0.703747, -1.25375)
bind/113/name = &"DEF-teeth.T"
bind/113/bone = -1
bind/113/pose = Transform3D(1, -1.86596e-08, 4.10484e-07, 4.10484e-07, 0.0907347, -0.995875, -1.86625e-08, 0.995875, 0.0907345, -0.000400374, 1.05485, -1.05935)
bind/114/name = &"DEF-teeth.B"
bind/114/bone = -1
bind/114/pose = Transform3D(1, -2.38129e-07, 1.17485e-08, -4.35208e-14, -0.0492771, -0.998785, 2.38418e-07, 0.998785, -0.0492771, 2.10325e-07, 1.14555, -0.882168)
bind/115/name = &"DEF-shoulder.L"
bind/115/bone = -1
bind/115/pose = Transform3D(0.873761, 0.483531, -0.0523445, 0.463915, -0.79629, 0.388209, 0.146029, -0.363485, -0.920084, -0.48217, 0.511596, 0.632372)
bind/116/name = &"DEF-front_thigh.L"
bind/116/bone = -1
bind/116/pose = Transform3D(-0.979254, 0.022703, -0.201363, 8.19564e-08, -0.993704, -0.112037, -0.202639, -0.109713, 0.973088, 0.264263, 0.790968, -0.20483)
bind/117/name = &"DEF-front_thigh.L.001"
bind/117/bone = -1
bind/117/pose = Transform3D(-0.979254, 0.0227031, -0.201363, 0, -0.993704, -0.112037, -0.202639, -0.109713, 0.973088, 0.264263, 0.633685, -0.20483)
bind/118/name = &"DEF-front_shin.L"
bind/118/bone = -1
bind/118/pose = Transform3D(-0.979253, 0.022703, -0.201364, -0.041704, -0.995012, 0.0906271, -0.198302, 0.0971444, 0.975315, 0.264263, 0.42405, -0.29849)
bind/119/name = &"DEF-front_shin.L.001"
bind/119/bone = -1
bind/119/pose = Transform3D(-0.979253, 0.0227031, -0.201364, -0.041704, -0.995012, 0.0906271, -0.198302, 0.0971445, 0.975315, 0.264263, 0.262194, -0.29849)
bind/120/name = &"DEF-front_foot.L"
bind/120/bone = -1
bind/120/pose = Transform3D(-0.98714, -0.0608718, -0.147815, -0.0300947, -0.837366, 0.545814, -0.157, 0.543243, 0.824765, 0.258184, -0.0739884, -0.311233)
bind/121/name = &"DEF-front_foot.L.001"
bind/121/bone = -1
bind/121/pose = Transform3D(-0.98714, -0.0608718, -0.147815, -0.0300947, -0.837366, 0.545814, -0.157, 0.543243, 0.824765, 0.258184, -0.117185, -0.311233)
bind/122/name = &"DEF-front_toe.L"
bind/122/bone = -1
bind/122/pose = Transform3D(-0.9973, -0.0652633, -0.0336551, 2.01166e-07, -0.458331, 0.888782, -0.07343, 0.886383, 0.457093, 0.216796, -0.316724, -0.204775)
bind/123/name = &"DEF-shoulder.R"
bind/123/bone = -1
bind/123/pose = Transform3D(0.873761, -0.483531, 0.0523445, -0.463915, -0.79629, 0.388208, -0.146029, -0.363485, -0.920084, 0.48217, 0.511596, 0.632372)
bind/124/name = &"DEF-front_thigh.R"
bind/124/bone = -1
bind/124/pose = Transform3D(-0.979254, -0.0227029, 0.201363, -7.07805e-08, -0.993704, -0.112037, 0.202639, -0.109713, 0.973088, -0.264263, 0.790967, -0.20483)
bind/125/name = &"DEF-front_thigh.R.001"
bind/125/bone = -1
bind/125/pose = Transform3D(-0.979254, -0.0227031, 0.201363, 1.11759e-07, -0.993704, -0.112037, 0.202639, -0.109713, 0.973088, -0.264263, 0.633685, -0.20483)
bind/126/name = &"DEF-front_shin.R"
bind/126/bone = -1
bind/126/pose = Transform3D(-0.979253, -0.022703, 0.201364, 0.0417041, -0.995011, 0.0906271, 0.198302, 0.0971444, 0.975315, -0.264263, 0.424049, -0.29849)
bind/127/name = &"DEF-front_shin.R.001"
bind/127/bone = -1
bind/127/pose = Transform3D(-0.979253, -0.0227031, 0.201364, 0.0417042, -0.995011, 0.0906272, 0.198302, 0.0971445, 0.975315, -0.264263, 0.262194, -0.29849)
bind/128/name = &"DEF-front_foot.R"
bind/128/bone = -1
bind/128/pose = Transform3D(-0.98714, 0.0608719, 0.147815, 0.0300948, -0.837365, 0.545814, 0.157, 0.543243, 0.824765, -0.258185, -0.0739886, -0.311233)
bind/129/name = &"DEF-front_foot.R.001"
bind/129/bone = -1
bind/129/pose = Transform3D(-0.98714, 0.0608718, 0.147815, 0.0300949, -0.837365, 0.545814, 0.157, 0.543243, 0.824765, -0.258185, -0.117185, -0.311233)
bind/130/name = &"DEF-front_toe.R"
bind/130/bone = -1
bind/130/pose = Transform3D(-0.997301, 0.0652617, 0.0336547, 2.92435e-07, -0.458331, 0.888782, 0.0734284, 0.886382, 0.457094, -0.216796, -0.316724, -0.204775)
bind/131/name = &"DEF-breast.L"
bind/131/bone = -1
bind/131/pose = Transform3D(1, 1.53356e-16, -1.60579e-16, -2.23758e-14, -0.690654, 0.723185, -1.0409e-14, -0.723185, -0.690654, -0.034, 0.338573, 0.599795)
bind/132/name = &"DEF-breast.R"
bind/132/bone = -1
bind/132/pose = Transform3D(1, 1.53356e-16, -1.60579e-16, -2.23758e-14, -0.690654, 0.723185, -1.0409e-14, -0.723185, -0.690654, 0.034, 0.338573, 0.599795)

[node name="Creature" type="Node3D"]
script = ExtResource("1_y6av5")

[node name="Creature" type="Skeleton3D" parent="."]
unique_name_in_owner = true
bones/0/name = "DEF-spine.004"
bones/0/parent = -1
bones/0/rest = Transform3D(1, 0, 0, 0, -0.000599146, -1, 0, 1, -0.000599146, 3.23273e-17, 0.938389, -0.569744)
bones/0/enabled = true
bones/0/position = Vector3(-1.32223e-15, 0.498328, -1.2238)
bones/0/rotation = Quaternion(0.38296, 3.5555e-13, 1.44264e-13, 0.923765)
bones/0/scale = Vector3(1, 1, 1)
bones/1/name = "DEF-spine.005"
bones/1/parent = 0
bones/1/rest = Transform3D(1, -8.88178e-16, 2.38419e-07, -1.42667e-08, 0.998208, 0.0598386, -2.37992e-07, -0.0598386, 0.998208, 0, 0.1669, 9.61882e-09)
bones/1/enabled = true
bones/1/position = Vector3(0, 0.1669, 9.61882e-09)
bones/1/rotation = Quaternion(-0.0299328, 1.19126e-07, -4.56612e-09, 0.999552)
bones/1/scale = Vector3(1, 1, 1)
bones/2/name = "DEF-spine.006"
bones/2/parent = 1
bones/2/rest = Transform3D(1, -1.79105e-08, -2.37746e-07, 8.88178e-16, 0.997174, -0.075122, 2.38419e-07, 0.075122, 0.997174, -6.33807e-16, 0.215707, -2.04891e-08)
bones/2/enabled = true
bones/2/position = Vector3(-6.33807e-16, 0.215707, -2.04891e-08)
bones/2/rotation = Quaternion(0.250323, 0.00422626, 0.0109195, 0.968091)
bones/2/scale = Vector3(0.999999, 0.999999, 0.999996)
bones/3/name = "DEF-spine.007"
bones/3/parent = 2
bones/3/rest = Transform3D(1, 1.75063e-15, -5.60328e-15, -1.71266e-15, 0.999977, 0.00676943, 5.615e-15, -0.00676943, 0.999977, 2.97785e-23, 0.202989, -1.1496e-08)
bones/3/enabled = true
bones/3/position = Vector3(2.97785e-23, 0.202989, -1.1496e-08)
bones/3/rotation = Quaternion(0.210451, 0.0136498, 0.0107992, 0.977449)
bones/3/scale = Vector3(1, 0.999999, 0.999999)
bones/4/name = "DEF-spine.008"
bones/4/parent = 3
bones/4/rest = Transform3D(1, 1.11022e-16, 2.38419e-07, -3.09865e-09, 0.999915, 0.0129967, -2.38398e-07, -0.0129967, 0.999915, 2.53117e-22, 0.162398, 8.26549e-09)
bones/4/enabled = true
bones/4/position = Vector3(2.53117e-22, 0.162398, 8.26549e-09)
bones/4/rotation = Quaternion(0.207354, 0.00900361, 0.0118639, 0.978153)
bones/4/scale = Vector3(1, 1, 1)
bones/5/name = "DEF-spine.009"
bones/5/parent = 4
bones/5/rest = Transform3D(1, 3.29202e-08, 2.40703e-07, -6.58405e-08, 0.990421, 0.138077, -2.33852e-07, -0.138077, 0.990421, -3.22328e-15, 0.190224, 1.18744e-08)
bones/5/enabled = true
bones/5/position = Vector3(-3.22328e-15, 0.190224, 1.18744e-08)
bones/5/rotation = Quaternion(0.419862, -0.0122705, -0.0136477, 0.907402)
bones/5/scale = Vector3(1, 1, 1)
bones/6/name = "DEF-spine.010"
bones/6/parent = 5
bones/6/rest = Transform3D(1, 1.36585e-07, -4.56857e-07, 3.55271e-14, 0.958098, 0.28644, 4.76838e-07, -0.28644, 0.958098, 2.70651e-15, 0.159038, -2.23517e-08)
bones/6/enabled = true
bones/6/position = Vector3(2.70651e-15, 0.159038, -2.23517e-08)
bones/6/rotation = Quaternion(-0.144444, -0.0636298, 0.00930796, 0.987421)
bones/6/scale = Vector3(1, 1, 1)
bones/7/name = "DEF-spine.011"
bones/7/parent = 6
bones/7/rest = Transform3D(1, 8.88179e-15, 2.38419e-07, -2.47489e-08, 0.994598, 0.103805, -2.37131e-07, -0.103805, 0.994598, -2.11758e-21, 0.195844, -2.98023e-08)
bones/7/enabled = true
bones/7/position = Vector3(-2.11758e-21, 0.195844, -2.98023e-08)
bones/7/rotation = Quaternion(0.171237, -0.00289166, 0.0857432, 0.981487)
bones/7/scale = Vector3(1, 1, 1)
bones/8/name = "DEF-pelvis.L"
bones/8/parent = -1
bones/8/rest = Transform3D(-0.334587, 0.551646, -0.764031, -0.137282, 0.773578, 0.618657, 0.932312, 0.311883, -0.183098, 1.2701e-08, 0.751455, -0.536944)
bones/8/enabled = true
bones/8/position = Vector3(1.27012e-08, 0.389338, -1.06842)
bones/8/rotation = Quaternion(-0.340884, -0.816861, 0.00565666, 0.465301)
bones/8/scale = Vector3(1, 1, 1)
bones/9/name = "DEF-pelvis.R"
bones/9/parent = -1
bones/9/rest = Transform3D(-0.334587, -0.551646, 0.764031, 0.137282, 0.773578, 0.618657, -0.932312, 0.311883, -0.183098, 8.7947e-09, 0.751455, -0.536944)
bones/9/enabled = true
bones/9/position = Vector3(8.79485e-09, 0.389338, -1.06842)
bones/9/rotation = Quaternion(-0.340884, 0.816861, -0.00565687, 0.465301)
bones/9/scale = Vector3(1, 1, 1)
bones/10/name = "DEF-thigh.L"
bones/10/parent = -1
bones/10/rest = Transform3D(0.994984, -3.72531e-08, -0.100036, -0.0250351, -0.968184, -0.249005, -0.096853, 0.250262, -0.963322, 0.191465, 0.825809, -0.528191)
bones/10/enabled = true
bones/10/position = Vector3(0.191465, 0.448104, -1.11481)
bones/10/rotation = Quaternion(0.802798, -0.023031, -0.0441203, 0.59417)
bones/10/scale = Vector3(1.00813, 0.983946, 1.00813)
bones/11/name = "DEF-thigh.L.001"
bones/11/parent = 10
bones/11/rest = Transform3D(1, -4.28647e-08, -1.83936e-08, 4.28647e-08, 1, 1.85045e-07, 1.83936e-08, -1.85045e-07, 1, -1.11759e-08, 0.222573, 2.98023e-08)
bones/11/enabled = true
bones/11/position = Vector3(-1.11759e-08, 0.222573, 2.98023e-08)
bones/11/rotation = Quaternion(-4.93549e-09, -0.000604858, -6.33384e-10, 1)
bones/11/scale = Vector3(1, 1, 1)
bones/12/name = "DEF-shin.L"
bones/12/parent = 11
bones/12/rest = Transform3D(1, -5.745e-08, 6.34134e-08, 8.22297e-08, 0.850176, -0.526498, -2.36652e-08, 0.526498, 0.850176, 1.86265e-08, 0.222573, 1.86265e-08)
bones/12/enabled = true
bones/12/position = Vector3(1.86265e-08, 0.222573, 1.86265e-08)
bones/12/rotation = Quaternion(0.86387, -0.000610976, 0.00103129, 0.503713)
bones/12/scale = Vector3(1.00412, 0.973842, 1.02287)
bones/13/name = "DEF-shin.L.001"
bones/13/parent = 12
bones/13/rest = Transform3D(1, 9.31322e-10, 2.79397e-09, -9.31322e-10, 1, 1.53668e-08, -2.79397e-09, -1.53668e-08, 1, 3.25963e-09, 0.128159, 1.30385e-08)
bones/13/enabled = true
bones/13/position = Vector3(3.25963e-09, 0.128159, 1.30385e-08)
bones/13/rotation = Quaternion(9.28305e-09, -0.0476131, -6.2389e-08, 0.998866)
bones/13/scale = Vector3(1, 1, 1)
bones/14/name = "DEF-foot.L"
bones/14/parent = 13
bones/14/rest = Transform3D(0.998675, -0.0514635, -2.31341e-06, 0.0335337, 0.650703, 0.758591, -0.0390382, -0.757586, 0.651567, 9.31323e-10, 0.128159, 1.11759e-08)
bones/14/enabled = true
bones/14/position = Vector3(9.31323e-10, 0.128159, 1.11759e-08)
bones/14/rotation = Quaternion(-0.209842, -0.0358099, -0.0301463, 0.976614)
bones/14/scale = Vector3(1.00276, 0.988616, 1.00912)
bones/15/name = "DEF-foot.L.001"
bones/15/parent = 14
bones/15/rest = Transform3D(1, -1.76951e-08, 2.04891e-08, 1.76951e-08, 1, 4.93834e-07, -2.04891e-08, -4.93834e-07, 1, 1.49012e-08, 0.0617699, 3.72529e-09)
bones/15/enabled = true
bones/15/position = Vector3(1.49012e-08, 0.0617699, 3.72529e-09)
bones/15/rotation = Quaternion(-2.26314e-08, 0.00497566, -7.54058e-09, 0.999988)
bones/15/scale = Vector3(0.845944, 0.999999, 0.842261)
bones/16/name = "DEF-toe.L"
bones/16/parent = 15
bones/16/rest = Transform3D(0.998237, -0.0482936, 0.0344942, 0.0127985, 0.742726, 0.669473, -0.057951, -0.667851, 0.742035, -1.86265e-09, 0.0617699, 3.72529e-09)
bones/16/enabled = true
bones/16/position = Vector3(-1.86265e-09, 0.0617699, 3.72529e-09)
bones/16/rotation = Quaternion(-0.746237, 0.0247016, 0.0741163, 0.66108)
bones/16/scale = Vector3(0.921664, 0.915024, 0.809572)
bones/17/name = "DEF-thigh.R"
bones/17/parent = -1
bones/17/rest = Transform3D(0.994984, 1.04309e-07, 0.100036, 0.0250352, -0.968184, -0.249005, 0.096853, 0.250262, -0.963322, -0.191465, 0.825809, -0.528191)
bones/17/enabled = true
bones/17/position = Vector3(-0.191465, 0.448104, -1.11481)
bones/17/rotation = Quaternion(0.802482, 0.0230554, 0.0441027, 0.594597)
bones/17/scale = Vector3(1.00813, 0.983941, 1.00813)
bones/18/name = "DEF-thigh.R.001"
bones/18/parent = 17
bones/18/rest = Transform3D(1, -4.07447e-08, 3.32948e-08, 4.07447e-08, 1, -2.0877e-08, -3.32948e-08, 2.0877e-08, 1, -5.58794e-09, 0.222573, 2.79397e-08)
bones/18/enabled = true
bones/18/position = Vector3(-5.58794e-09, 0.222573, 2.79397e-08)
bones/18/rotation = Quaternion(-4.33003e-08, 0.000613321, -6.39025e-09, 1)
bones/18/scale = Vector3(1, 1, 1)
bones/19/name = "DEF-shin.R"
bones/19/parent = 18
bones/19/rest = Transform3D(1, 9.84971e-08, -3.23076e-08, -1.0075e-07, 0.850176, -0.526498, -2.43914e-08, 0.526498, 0.850176, -1.58325e-08, 0.222573, 2.42144e-08)
bones/19/enabled = true
bones/19/position = Vector3(-1.58325e-08, 0.222573, 2.42144e-08)
bones/19/rotation = Quaternion(0.864083, 0.000619525, -0.00104673, 0.503348)
bones/19/scale = Vector3(1.00412, 0.973857, 1.02285)
bones/20/name = "DEF-shin.R.001"
bones/20/parent = 19
bones/20/rest = Transform3D(1, -4.19095e-08, -1.35042e-08, 4.19095e-08, 1, -2.2375e-07, 1.35042e-08, 2.2375e-07, 1, 9.77889e-09, 0.128159, 4.47035e-08)
bones/20/enabled = true
bones/20/position = Vector3(9.77889e-09, 0.128159, 4.47035e-08)
bones/20/rotation = Quaternion(-1.12908e-07, 0.0476428, 4.04758e-08, 0.998864)
bones/20/scale = Vector3(1, 1, 1)
bones/21/name = "DEF-foot.R"
bones/21/parent = 20
bones/21/rest = Transform3D(0.998675, 0.0514635, 2.32272e-06, -0.0335337, 0.650703, 0.758591, 0.0390382, -0.757586, 0.651567, -2.32831e-10, 0.128159, 1.95578e-08)
bones/21/enabled = true
bones/21/position = Vector3(-2.32831e-10, 0.128159, 1.95578e-08)
bones/21/rotation = Quaternion(-0.209737, 0.0358393, 0.0301659, 0.976635)
bones/21/scale = Vector3(1.00091, 0.992271, 1.00726)
bones/22/name = "DEF-foot.R.001"
bones/22/parent = 21
bones/22/rest = Transform3D(1, 6.51926e-09, -2.23517e-08, -6.51926e-09, 1, -1.61817e-08, 2.23517e-08, 1.61817e-08, 1, -1.02445e-08, 0.0617699, 2.6077e-08)
bones/22/enabled = true
bones/22/position = Vector3(-1.02445e-08, 0.0617699, 2.6077e-08)
bones/22/rotation = Quaternion(-2.40496e-08, -0.00497585, -1.27872e-07, 0.999988)
bones/22/scale = Vector3(0.845957, 1, 0.842245)
bones/23/name = "DEF-toe.R"
bones/23/parent = 22
bones/23/rest = Transform3D(0.998237, 0.0482935, -0.0344944, -0.0127984, 0.742726, 0.669473, 0.0579511, -0.667852, 0.742035, -9.31323e-09, 0.0617699, 2.23517e-08)
bones/23/enabled = true
bones/23/position = Vector3(-9.31323e-09, 0.0617699, 2.23517e-08)
bones/23/rotation = Quaternion(-0.746257, -0.0246182, -0.0740831, 0.661065)
bones/23/scale = Vector3(0.923334, 0.916665, 0.806704)
bones/24/name = "DEF-forehead.L"
bones/24/parent = -1
bones/24/rest = Transform3D(-0.827672, 0.227524, 0.513022, 0.264208, -0.648523, 0.713871, 0.49513, 0.726396, 0.47665, 0.020389, 1.16222, 0.9671)
bones/24/enabled = true
bones/24/position = Vector3(-0.0185978, 0.125619, -0.31348)
bones/24/rotation = Quaternion(0.151681, -0.493209, 0.841372, -0.160719)
bones/24/scale = Vector3(1, 0.999999, 1)
bones/25/name = "DEF-forehead.R"
bones/25/parent = -1
bones/25/rest = Transform3D(-0.827672, -0.227524, -0.513023, -0.264208, -0.648523, 0.713872, -0.49513, 0.726396, 0.47665, -0.020389, 1.16222, 0.9671)
bones/25/enabled = true
bones/25/position = Vector3(-0.0588292, 0.132069, -0.311844)
bones/25/rotation = Quaternion(-0.193884, -0.456157, 0.810763, 0.311437)
bones/25/scale = Vector3(1, 1, 1)
bones/26/name = "DEF-forehead.L.001"
bones/26/parent = -1
bones/26/rest = Transform3D(-0.387243, 0.781393, 0.489355, 0.295919, -0.397347, 0.868647, 0.873198, 0.481187, -0.0773589, 0.0565279, 1.16159, 0.967285)
bones/26/enabled = true
bones/26/position = Vector3(0.0170403, 0.119967, -0.315588)
bones/26/rotation = Quaternion(0.134232, -0.272111, 0.831129, -0.466007)
bones/26/scale = Vector3(1, 1, 1)
bones/27/name = "DEF-forehead.R.001"
bones/27/parent = -1
bones/27/rest = Transform3D(-0.387243, -0.781393, -0.489355, -0.295919, -0.397347, 0.868647, -0.873198, 0.481187, -0.0773589, -0.0565279, 1.16159, 0.967285)
bones/27/enabled = true
bones/27/position = Vector3(-0.0945002, 0.137849, -0.31105)
bones/27/rotation = Quaternion(-0.142111, -0.228528, 0.751671, 0.602139)
bones/27/scale = Vector3(1, 1, 1)
bones/28/name = "DEF-forehead.L.002"
bones/28/parent = -1
bones/28/rest = Transform3D(0.617206, 0.760154, 0.203034, 0.719334, -0.649718, 0.245815, 0.318772, -0.00566946, -0.947814, 0.0832722, 1.16322, 0.956119)
bones/28/enabled = true
bones/28/position = Vector3(0.0451976, 0.125363, -0.311045)
bones/28/rotation = Quaternion(0.460581, 0.059531, 0.474829, -0.747568)
bones/28/scale = Vector3(1, 1, 1)
bones/29/name = "DEF-forehead.R.002"
bones/29/parent = -1
